L = 4.7e-05;
C_out = 0.00022;
R = 10;
Rd = 10;
V_in = 12;
f_pwm = 100000.0;

